-6.923512093898116291e+02
-4.416525097366230739e+02
2.509244358807623485e+03
-1.139353785579355417e+03
2.923959482373928154e+02
2.959427324478429000e+02
-9.106363665728257502e+02
7.151789325227057361e+02
1.446715662147302510e+03
-1.305570576703349161e+03
1.313352387639823974e+03
2.361734827249151749e+03
-1.065151365647242301e+02
-5.836320242365432023e+02
-2.948061834960858505e+03
-1.456129836128937995e+02
-4.276629018799966616e+03
-3.027628341242740362e+02
-1.565778436505317586e+03
-2.342273706566727014e+03
-1.184555094384425047e+03
6.400248549190430367e+02
-4.847634258708785637e+02
5.668459502146347404e+02
-3.433677016974341996e+02
-1.749386985856979436e+03
-1.567511139125153932e+03
1.670513450792492733e+02
-1.135042724277509478e+02
-1.396056887651908255e+03
1.068015005644389930e+03
-2.394371645389800278e+02
8.406262687447615463e+02
9.449946332814914740e+02
2.069836799313055053e+03
-1.891093338345790926e+03
1.290959101947815952e+02
-9.681637210259614790e+01
-1.422549154596282960e+03
5.892483854246844430e+02
1.108669395984315997e+03
-8.535711285578371417e+02
1.901635982979733853e+03
7.849133988621052822e+02
9.700153535583103803e+02
-1.609958425268967403e+03
-6.490369903417764590e+02
-8.376929464902451627e+02
-7.606449827684843967e+02
3.574412689993113901e+01
-6.820752280687900111e+02
2.506791325352196509e+00
5.646736813562242787e+02
9.393680188346700106e+02
1.073357547173251760e+03
1.582518634728983443e+03
7.449906614388659136e+02
-1.058732582641298450e+02
-5.322255754523063160e+02
1.233479363939476116e+03
5.750697863080608840e+02
-1.759011737401969185e+03
-7.672835445525075784e+02
-1.296688663371317034e+03
-9.959462027089682579e+02
3.628872280434029562e+02
-5.699724717951836510e+02
1.029692804043008607e+02
1.286801202608733547e+03
-2.191041407353147861e+03
-1.014210907517305827e+03
-2.356920069163824337e+03
2.853186714629300695e+03
-2.849924874509690653e+01
-1.280431155200587000e+03
1.266817992848624499e+02
3.672051861088596638e+02
-2.556292223205226719e+02
-7.088163318720612551e+02
5.423511867199786138e+02
-1.075136128974845860e+03
-8.390864384794413127e+02
-3.932549256821552603e+02
-2.817401570125122703e+02
1.013171075424592573e+03
2.527858761681752185e+03
-1.063026029146900555e+03
-2.126460536459172090e+03
2.835562254163240596e+03
9.249124432065846122e+02
2.294043411153188572e+03
-2.449523814192637019e+03
1.591941774266958419e+03
-5.636690556022263081e+02
-2.055849111435120903e+03
1.635708515188505316e+02
3.446276387327069642e+03
-2.822948500985445207e+03
1.021381117467287368e+03
1.557201184418308003e+03
