2.499999999999992450e+00
2.499999999999993339e+00
2.499999999999992895e+00
2.499999999999992895e+00
2.499999999999992450e+00
2.499999999999992006e+00
2.499999999999993339e+00
2.499999999999991562e+00
2.499999999999991118e+00
2.499999999999992006e+00
2.499999999999991562e+00
2.499999999999992450e+00
2.499999999999991118e+00
2.499999999999992450e+00
2.499999999999992895e+00
2.499999999999991562e+00
2.499999999999992006e+00
2.499999999999993783e+00
2.499999999999991562e+00
2.499999999999992450e+00
2.499999999999993783e+00
2.499999999999992450e+00
2.499999999999991562e+00
2.499999999999992006e+00
2.499999999999991118e+00
2.499999999999992006e+00
2.499999999999992450e+00
2.499999999999992895e+00
2.499999999999992450e+00
2.499999999999992450e+00
2.499999999999992006e+00
2.499999999999993339e+00
2.499999999999992450e+00
2.499999999999993783e+00
2.499999999999991562e+00
2.499999999999991118e+00
2.499999999999992895e+00
2.499999999999992450e+00
2.499999999999992006e+00
2.499999999999992006e+00
2.499999999999992450e+00
2.499999999999993783e+00
2.499999999999993339e+00
2.499999999999992006e+00
2.499999999999992006e+00
2.499999999999992006e+00
2.499999999999993339e+00
2.499999999999993339e+00
2.499999999999992450e+00
2.499999999999993783e+00
2.499999999999992895e+00
2.499999999999993339e+00
2.499999999999991562e+00
2.499999999999994227e+00
2.499999999999992450e+00
2.499999999999992006e+00
2.499999999999993783e+00
2.499999999999992450e+00
2.499999999999991562e+00
2.499999999999990674e+00
2.499999999999991562e+00
2.499999999999991562e+00
2.499999999999991118e+00
2.499999999999992006e+00
2.499999999999992450e+00
2.499999999999992006e+00
2.499999999999992450e+00
2.499999999999992006e+00
2.499999999999992006e+00
2.499999999999993783e+00
2.499999999999992895e+00
2.499999999999992895e+00
2.499999999999991562e+00
2.499999999999991562e+00
2.499999999999992450e+00
2.499999999999991562e+00
2.499999999999992006e+00
2.499999999999992450e+00
2.499999999999992895e+00
2.499999999999991118e+00
2.499999999999991562e+00
2.499999999999991118e+00
2.499999999999992895e+00
2.499999999999992006e+00
2.499999999999992895e+00
2.499999999999991562e+00
2.499999999999992006e+00
2.499999999999992006e+00
2.499999999999992006e+00
2.499999999999990674e+00
2.499999999999992450e+00
2.499999999999991562e+00
2.499999999999992006e+00
2.499999999999992006e+00
2.499999999999992006e+00
2.499999999999992006e+00
2.499999999999992450e+00
2.499999999999992006e+00
2.499999999999992895e+00
2.499999999999992006e+00
