2.500000000000002665e+00
2.500000000000003997e+00
2.500000000000003109e+00
2.500000000000003109e+00
2.500000000000001332e+00
2.500000000000002220e+00
2.500000000000003553e+00
2.500000000000001332e+00
2.500000000000000444e+00
2.500000000000000888e+00
2.500000000000000888e+00
2.500000000000002220e+00
2.500000000000001776e+00
2.500000000000002220e+00
2.500000000000002220e+00
2.500000000000001332e+00
2.500000000000001332e+00
2.500000000000003109e+00
2.500000000000001332e+00
2.500000000000001332e+00
2.500000000000002220e+00
2.500000000000002665e+00
2.500000000000000444e+00
2.500000000000001332e+00
2.500000000000000000e+00
2.500000000000000888e+00
2.500000000000000888e+00
2.500000000000000888e+00
2.500000000000001776e+00
2.500000000000000888e+00
2.500000000000000000e+00
2.500000000000001776e+00
2.500000000000000000e+00
2.500000000000001776e+00
2.500000000000000888e+00
2.499999999999999556e+00
2.500000000000000444e+00
2.499999999999999112e+00
2.500000000000000000e+00
2.500000000000000000e+00
2.499999999999999556e+00
2.500000000000001776e+00
2.500000000000000000e+00
2.500000000000000000e+00
2.499999999999999112e+00
2.499999999999998668e+00
2.500000000000000888e+00
2.499999999999999556e+00
2.500000000000000444e+00
2.500000000000000444e+00
2.499999999999999556e+00
2.500000000000000000e+00
2.499999999999999112e+00
2.500000000000000444e+00
2.499999999999999556e+00
2.499999999999999112e+00
2.500000000000000444e+00
2.499999999999999112e+00
2.499999999999998668e+00
2.499999999999996891e+00
2.499999999999999112e+00
2.499999999999999112e+00
2.499999999999997780e+00
2.499999999999998668e+00
2.499999999999999112e+00
2.499999999999999112e+00
2.499999999999999556e+00
2.499999999999999112e+00
2.499999999999999112e+00
2.500000000000000444e+00
2.499999999999999556e+00
2.499999999999999556e+00
2.499999999999999112e+00
2.499999999999998668e+00
2.499999999999999556e+00
2.499999999999999112e+00
2.499999999999999112e+00
2.499999999999998668e+00
2.500000000000000444e+00
2.499999999999998224e+00
2.499999999999999112e+00
2.499999999999997780e+00
2.500000000000000000e+00
2.499999999999999556e+00
2.500000000000000444e+00
2.499999999999998668e+00
2.499999999999999556e+00
2.499999999999999556e+00
2.499999999999999556e+00
2.499999999999997780e+00
2.499999999999999556e+00
2.499999999999998668e+00
2.499999999999999556e+00
2.500000000000000000e+00
2.499999999999998668e+00
2.500000000000000000e+00
2.499999999999999556e+00
2.499999999999999112e+00
2.500000000000000000e+00
2.500000000000000000e+00
