2.876770692252057870e+03
2.904304034404891354e+03
2.770050803138490664e+03
2.932554437528660401e+03
2.864552943047363442e+03
2.580439244151641105e+03
2.652979504722870843e+03
2.614020272240632039e+03
2.977571053123102502e+03
2.548122963114406502e+03
2.603640570682567159e+03
2.747596385322348397e+03
3.001374443033563239e+03
2.718675682326415881e+03
2.682101981691987930e+03
2.820584878274436051e+03
2.724425469674369197e+03
2.862275739461456396e+03
2.793823577259882768e+03
2.672638945793762105e+03
2.669348818161601685e+03
2.662414674441898114e+03
2.593928376011173896e+03
2.512714280547619182e+03
2.807597267665255913e+03
2.878560384615911516e+03
2.657479602689611056e+03
2.755079535885047790e+03
2.776971464819548601e+03
2.740155900181829566e+03
2.760854614801658954e+03
2.707084968267562999e+03
2.672564522707297328e+03
2.689198677053684605e+03
2.772342108011558139e+03
2.612041480577201582e+03
2.733099482175581215e+03
2.705491093302618992e+03
2.724862637880472903e+03
2.692095329519268489e+03
2.823385446086776028e+03
2.706287639885937097e+03
2.660848425637099353e+03
2.627950131475993658e+03
2.747871979726591690e+03
2.622255366373327888e+03
2.396462106941748516e+03
2.810413396557498800e+03
2.649512578252335970e+03
2.779102188704619039e+03
2.609111057485190031e+03
2.902886991080961707e+03
2.597902706357482202e+03
2.913636395004197766e+03
2.617259030944238475e+03
2.552913527421526851e+03
2.818322984068525784e+03
2.694938900429899149e+03
2.806294431928750328e+03
2.794828039980513950e+03
2.835642861255867501e+03
2.574358485801373263e+03
2.801500589134451729e+03
2.656498896216645335e+03
2.792482658141241245e+03
2.604612987688133217e+03
2.545795276486518105e+03
2.827416081585760367e+03
2.969659995119227005e+03
2.632111999466042107e+03
2.737997500672740898e+03
2.783876060304310613e+03
2.816820368552554100e+03
2.679338809862959351e+03
2.923978241492490724e+03
2.866379333252778906e+03
2.769392863670565930e+03
2.758624298601366263e+03
2.641811584552509430e+03
2.733212581786058763e+03
2.591360227595746892e+03
2.503808090285491289e+03
2.966404648061802618e+03
2.867634253881627956e+03
2.737403550317906593e+03
2.512816399954921508e+03
2.713092432915964764e+03
2.504194507561687715e+03
2.949658084737026002e+03
2.784600055439015250e+03
2.773970493432747844e+03
2.754529137837273538e+03
3.028341689798069183e+03
2.728082100266640737e+03
2.673666752609121886e+03
2.863185405847336369e+03
2.705226212078191111e+03
2.894072810425031093e+03
2.676593734020218562e+03
2.749038198151809866e+03
